1 2 1.5
1 5 1.2
2 3 2
3 4 2.7
4 22 3.1
1 14 4.5
5 13 4.1
5 6 2.3
6 7 2
2 6 1.7
3 7 1.9
4 8 1.6
4 9 2.9
7 8 3.7
8 9 3.2
14 13 2.2
13 12 1.2
12 11 0.5
11 10 2.6
6 12 6.5
7 11 4.5
8 10 2.7
9 10 3.9
14 17 2.4
13 15 1.8
15 17 0.8
17 18 1.5
15 16 2.1
11 16 3.1
16 18 5.2
16 10 5.4
10 46 2.3
18 20 3.1
18 19 2.4
46 20 3.4
46 21 2.1
20 21 1.4
19 42 10.4
22 23 3.2
23 24 2.4
24 25 5.4
25 26 7.9
26 27 3.8
27 30 1.9
21 27 6.8
27 28 4.7
28 31 2.4
32 31 1.2
30 28 3.7
32 33 1.7
31 33 9.5
42 36 4.5
42 39 1.5
39 36 1.4
42 43 0.7
43 44 0.1
43 40 1.9
44 41 1.4
40 37 2.1
41 38 1.7
40 41 0.4
39 40 0.4
38 37 0.3
37 45 0.9
45 36 0.3
38 32 2.1
45 33 3.7
36 35 2.6
35 34 0.6
34 30 0.3
33 30 0.7